[gd_resource type="SkeletonProfile" load_steps=2 format=3 uid="uid://731vr2adojpw"]

[ext_resource type="Texture2D" uid="uid://cdr20bcvx807o" path="res://4-legged.png" id="1_u0mcl"]

[resource]
root_bone = &"root"
scale_base_bone = &"DEF-hips"
group_size = 1
bone_size = 31
groups/0/group_name = &"Body"
groups/0/texture = ExtResource("1_u0mcl")
bones/0/bone_name = &"root"
bones/0/bone_parent = &""
bones/0/tail_direction = 0
bones/0/reference_pose = Transform3D(1, 0, 0, 0, 0, 1, 0, -1, 0, 0, 0, 0)
bones/0/handle_offset = Vector2(0.5, 0.98)
bones/0/group = &"Body"
bones/0/require = true
bones/1/bone_name = &"DEF-hips"
bones/1/bone_parent = &"root"
bones/1/tail_direction = 1
bones/1/bone_tail = &"DEF-spine.001"
bones/1/reference_pose = Transform3D(1, -1.77636e-15, 4.76841e-07, 4.76179e-07, -0.0527037, -0.99861, 2.51313e-08, 0.99861, -0.0527037, 4.29785e-18, 0.812125, -0.451897)
bones/1/handle_offset = Vector2(0.5, 0.73)
bones/1/group = &"Body"
bones/1/require = true
bones/2/bone_name = &"DEF-spine.001"
bones/2/bone_parent = &"DEF-hips"
bones/2/tail_direction = 0
bones/2/reference_pose = Transform3D(1, -1.13687e-12, 3.33787e-06, 3.27113e-06, -0.198972, -0.980005, 6.64142e-07, 0.980005, -0.198972, 5.46362e-15, 0.802684, -0.273005)
bones/2/handle_offset = Vector2(0.5, 0.61)
bones/2/group = &"Body"
bones/2/require = true
bones/3/bone_name = &"DEF-spine.002"
bones/3/bone_parent = &"DEF-spine.001"
bones/3/tail_direction = 0
bones/3/reference_pose = Transform3D(1, 1.59162e-12, 7.15326e-07, 7.08197e-07, 0.140828, -0.990034, -1.0074e-07, 0.990034, 0.140828, 6.08074e-14, 0.765264, -0.0887022)
bones/3/handle_offset = Vector2(0.5, 0.48)
bones/3/group = &"Body"
bones/3/require = true
bones/4/bone_name = &"DEF-spine.003"
bones/4/bone_parent = &"DEF-spine.002"
bones/4/tail_direction = 0
bones/4/reference_pose = Transform3D(1, 1.72795e-12, -5.17275e-12, -5.11591e-12, 0.144755, -0.989468, -8.45546e-13, 0.989468, 0.144755, 2.82515e-13, 0.792269, 0.101145)
bones/4/handle_offset = Vector2(0.5, 0.38)
bones/4/group = &"Body"
bones/4/require = true
bones/5/bone_name = &"DEF-neck"
bones/5/bone_parent = &"DEF-spine.003"
bones/5/tail_direction = 1
bones/5/bone_tail = &"DEF-head"
bones/5/reference_pose = Transform3D(1, 2.98061e-12, -7.38646e-12, -7.69648e-12, 0.314357, -0.949305, -3.921e-13, 0.949305, 0.314357, 6.59521e-13, 0.823852, 0.317028)
bones/5/handle_offset = Vector2(0.5, 0.28)
bones/5/group = &"Body"
bones/5/require = true
bones/6/bone_name = &"DEF-head"
bones/6/bone_parent = &"DEF-neck"
bones/6/tail_direction = 2
bones/6/reference_pose = Transform3D(1, -1.50183e-12, -4.76847e-07, -4.58416e-07, -0.275342, -0.961346, -1.31295e-07, 0.961346, -0.275342, 1.18546e-12, 0.879321, 0.484536)
bones/6/handle_offset = Vector2(0.5, 0.18)
bones/6/group = &"Body"
bones/6/require = true
bones/7/bone_name = &"DEF-jaw"
bones/7/bone_parent = &"DEF-head"
bones/7/tail_direction = 0
bones/7/reference_pose = Transform3D(1, -2.40874e-12, -7.15263e-07, -6.49794e-07, -0.417955, -0.908468, -2.98946e-07, 0.908468, -0.417955, 5.05117e-13, 0.761389, 0.697994)
bones/7/handle_offset = Vector2(0.5, 0.08)
bones/7/group = &"Body"
bones/7/require = true
bones/8/bone_name = &"DEF-ear.L"
bones/8/bone_parent = &"DEF-head"
bones/8/tail_direction = 0
bones/8/reference_pose = Transform3D(0.712726, 0.701283, -0.0149651, -0.69349, 0.701281, -0.165156, -0.105326, 0.128089, 0.986154, 0.0549701, 0.927727, 0.640525)
bones/8/handle_offset = Vector2(0.42, 0.22)
bones/8/group = &"Body"
bones/8/require = true
bones/9/bone_name = &"DEF-ear.R"
bones/9/bone_parent = &"DEF-head"
bones/9/tail_direction = 0
bones/9/reference_pose = Transform3D(0.712726, -0.701283, 0.0149652, 0.693489, 0.701282, -0.165156, 0.105326, 0.128089, 0.986154, -0.0549701, 0.927727, 0.640525)
bones/9/handle_offset = Vector2(0.56, 0.22)
bones/9/group = &"Body"
bones/9/require = true
bones/10/bone_name = &"DEF-shoulder.L"
bones/10/bone_parent = &"DEF-spine.003"
bones/10/tail_direction = 0
bones/10/reference_pose = Transform3D(0.933632, 0.322465, 0.156036, 0.358126, -0.850852, -0.384444, 0.00879413, 0.41481, -0.909866, 0.0595676, 0.887117, 0.257659)
bones/10/handle_offset = Vector2(0.4, 0.38)
bones/10/group = &"Body"
bones/10/require = true
bones/11/bone_name = &"DEF-front_thigh.L"
bones/11/bone_parent = &"DEF-shoulder.L"
bones/11/tail_direction = 0
bones/11/reference_pose = Transform3D(-0.987597, 2.6077e-07, -0.157013, 0.0543243, -0.938239, -0.341695, -0.147316, -0.345987, 0.926602, 0.124832, 0.689825, 0.315927)
bones/11/handle_offset = Vector2(0.34, 0.37)
bones/11/group = &"Body"
bones/11/require = true
bones/12/bone_name = &"DEF-front_shin.L"
bones/12/bone_parent = &"DEF-front_thigh.L"
bones/12/tail_direction = 0
bones/12/reference_pose = Transform3D(-0.987596, -0.0495392, -0.148994, 0.0543245, -0.998124, -0.0282182, -0.147317, -0.0359623, 0.988436, 0.124832, 0.441561, 0.224377)
bones/12/handle_offset = Vector2(0.23, 0.37)
bones/12/group = &"Body"
bones/12/require = true
bones/13/bone_name = &"DEF-front_foot.L"
bones/13/bone_parent = &"DEF-front_shin.L"
bones/13/tail_direction = 1
bones/13/bone_tail = &"DEF-front_toe.L"
bones/13/reference_pose = Transform3D(-0.99126, -0.019619, -0.130459, -0.0121274, -0.971142, 0.238193, -0.131367, 0.237693, 0.962416, 0.11134, 0.16971, 0.214583)
bones/13/handle_offset = Vector2(0.12, 0.36)
bones/13/group = &"Body"
bones/13/require = true
bones/14/bone_name = &"DEF-front_toe.L"
bones/14/bone_parent = &"DEF-front_foot.L"
bones/14/tail_direction = 0
bones/14/reference_pose = Transform3D(-0.999958, -0.00913938, 0.00113923, 0.00754035, -0.741354, 0.671072, -0.00528862, 0.671052, 0.741391, 0.11004, 0.105395, 0.230324)
bones/14/handle_offset = Vector2(0.08, 0.31)
bones/14/group = &"Body"
bones/14/require = true
bones/15/bone_name = &"DEF-shoulder.R"
bones/15/bone_parent = &"DEF-spine.003"
bones/15/tail_direction = 0
bones/15/reference_pose = Transform3D(0.933632, -0.322465, -0.156036, -0.358126, -0.850852, -0.384444, -0.00879413, 0.41481, -0.909866, -0.0595676, 0.887117, 0.257659)
bones/15/handle_offset = Vector2(0.58, 0.38)
bones/15/group = &"Body"
bones/15/require = true
bones/16/bone_name = &"DEF-front_thigh.R"
bones/16/bone_parent = &"DEF-shoulder.R"
bones/16/tail_direction = 0
bones/16/reference_pose = Transform3D(-0.987597, -2.6077e-07, 0.157013, -0.0543243, -0.938239, -0.341695, 0.147316, -0.345987, 0.926602, -0.124832, 0.689825, 0.315927)
bones/16/handle_offset = Vector2(0.64, 0.37)
bones/16/group = &"Body"
bones/16/require = true
bones/17/bone_name = &"DEF-front_shin.R"
bones/17/bone_parent = &"DEF-front_thigh.R"
bones/17/tail_direction = 0
bones/17/reference_pose = Transform3D(-0.987596, 0.0495392, 0.148994, -0.0543245, -0.998124, -0.0282182, 0.147317, -0.0359623, 0.988436, -0.124832, 0.441561, 0.224377)
bones/17/handle_offset = Vector2(0.75, 0.37)
bones/17/group = &"Body"
bones/17/require = true
bones/18/bone_name = &"DEF-front_foot.R"
bones/18/bone_parent = &"DEF-front_shin.R"
bones/18/tail_direction = 1
bones/18/bone_tail = &"DEF-front_toe.R"
bones/18/reference_pose = Transform3D(-0.99126, 0.019619, 0.130459, 0.0121274, -0.971142, 0.238193, 0.131367, 0.237693, 0.962416, -0.11134, 0.16971, 0.214583)
bones/18/handle_offset = Vector2(0.86, 0.36)
bones/18/group = &"Body"
bones/18/require = true
bones/19/bone_name = &"DEF-front_toe.R"
bones/19/bone_parent = &"DEF-front_foot.R"
bones/19/tail_direction = 0
bones/19/reference_pose = Transform3D(-0.999958, 0.00913943, -0.00113904, -0.00754026, -0.741354, 0.671072, 0.00528879, 0.671052, 0.741391, -0.11004, 0.105395, 0.230324)
bones/19/handle_offset = Vector2(0.9, 0.31)
bones/19/group = &"Body"
bones/19/require = true
bones/20/bone_name = &"DEF-tail"
bones/20/bone_parent = &"DEF-hips"
bones/20/tail_direction = 0
bones/20/reference_pose = Transform3D(1, -3.97904e-13, 3.78009e-12, -3.86535e-12, -0.235705, 0.971825, 5.18696e-13, -0.971825, -0.235705, -1.33184e-14, 0.808498, -0.533505)
bones/20/handle_offset = Vector2(0.5, 0.82)
bones/20/group = &"Body"
bones/20/require = true
bones/21/bone_name = &"DEF-tail.001"
bones/21/bone_parent = &"DEF-tail"
bones/21/tail_direction = 0
bones/21/reference_pose = Transform3D(1, -1.99641e-13, 1.30134e-12, -1.41028e-12, -0.0716707, 0.997429, -9.14571e-14, -0.997429, -0.0716707, -8.62632e-14, 0.765287, -0.711663)
bones/21/handle_offset = Vector2(0.5, 0.86)
bones/21/group = &"Body"
bones/21/require = true
bones/22/bone_name = &"DEF-tail.002"
bones/22/bone_parent = &"DEF-tail.001"
bones/22/tail_direction = 2
bones/22/reference_pose = Transform3D(1, -7.89519e-15, 1.35326e-12, -1.44572e-12, 0.084601, 0.996415, -1.07951e-13, -0.996415, 0.084601, -1.27624e-13, 0.750439, -0.918304)
bones/22/handle_offset = Vector2(0.5, 0.91)
bones/22/group = &"Body"
bones/22/require = true
bones/23/bone_name = &"DEF-thigh.L"
bones/23/bone_parent = &"DEF-hips"
bones/23/tail_direction = 0
bones/23/reference_pose = Transform3D(0.997755, 3.59701e-08, -0.0669701, -0.0117527, -0.984481, -0.175098, -0.0659308, 0.175492, -0.982271, 0.124832, 0.786953, -0.361862)
bones/23/handle_offset = Vector2(0.37, 0.74)
bones/23/group = &"Body"
bones/23/require = true
bones/24/bone_name = &"DEF-shin.L"
bones/24/bone_parent = &"DEF-thigh.L"
bones/24/tail_direction = 0
bones/24/reference_pose = Transform3D(0.997755, -0.0529283, -0.0410342, -0.0117522, -0.741574, 0.670768, -0.0659325, -0.66878, -0.740531, 0.124832, 0.524129, -0.315011)
bones/24/handle_offset = Vector2(0.22, 0.74)
bones/24/group = &"Body"
bones/24/require = true
bones/25/bone_name = &"DEF-foot.L"
bones/25/bone_parent = &"DEF-shin.L"
bones/25/tail_direction = 1
bones/25/bone_tail = &"DEF-toe.L"
bones/25/reference_pose = Transform3D(0.997707, -0.0099518, -0.0669414, -0.0234625, -0.978648, -0.2042, -0.06348, 0.205302, -0.976638, 0.111339, 0.335084, -0.485499)
bones/25/handle_offset = Vector2(0.12, 0.73)
bones/25/group = &"Body"
bones/25/require = true
bones/26/bone_name = &"DEF-toe.L"
bones/26/bone_parent = &"DEF-foot.L"
bones/26/tail_direction = 0
bones/26/reference_pose = Transform3D(0.998708, 2.23517e-07, -0.0508269, -0.0393884, -0.632016, -0.773953, -0.0321236, 0.774955, -0.6312, 0.108741, 0.0795431, -0.431892)
bones/26/handle_offset = Vector2(0.09, 0.66)
bones/26/group = &"Body"
bones/26/require = true
bones/27/bone_name = &"DEF-thigh.R"
bones/27/bone_parent = &"DEF-hips"
bones/27/tail_direction = 0
bones/27/reference_pose = Transform3D(0.997755, -7.57886e-08, 0.06697, 0.0117526, -0.984481, -0.175098, 0.0659307, 0.175492, -0.982271, -0.124832, 0.786953, -0.361862)
bones/27/handle_offset = Vector2(0.61, 0.74)
bones/27/group = &"Body"
bones/27/require = true
bones/28/bone_name = &"DEF-shin.R"
bones/28/bone_parent = &"DEF-thigh.R"
bones/28/tail_direction = 0
bones/28/reference_pose = Transform3D(0.997755, 0.0529283, 0.0410342, 0.0117522, -0.741574, 0.670768, 0.0659325, -0.66878, -0.740531, -0.124832, 0.524129, -0.315011)
bones/28/handle_offset = Vector2(0.76, 0.74)
bones/28/group = &"Body"
bones/28/require = true
bones/29/bone_name = &"DEF-foot.R"
bones/29/bone_parent = &"DEF-shin.R"
bones/29/tail_direction = 1
bones/29/bone_tail = &"DEF-toe.R"
bones/29/reference_pose = Transform3D(0.997707, 0.00995177, 0.0669414, 0.0234625, -0.978648, -0.2042, 0.06348, 0.205302, -0.976638, -0.111339, 0.335084, -0.4855)
bones/29/handle_offset = Vector2(0.86, 0.73)
bones/29/group = &"Body"
bones/29/require = true
bones/30/bone_name = &"DEF-toe.R"
bones/30/bone_parent = &"DEF-foot.R"
bones/30/tail_direction = 0
bones/30/reference_pose = Transform3D(0.998708, -2.38419e-07, 0.0508268, 0.0393883, -0.632017, -0.773953, 0.0321236, 0.774955, -0.6312, -0.108741, 0.0795432, -0.431892)
bones/30/handle_offset = Vector2(0.89, 0.66)
bones/30/group = &"Body"
bones/30/require = true
